#TITLE:Occultcore;
#SUBTITLE:;
#ARTIST:Unknown artist;
#TITLETRANSLIT:;
#SUBTITLETRANSLIT:;
#ARTISTTRANSLIT:;
#GENRE:;
#CREDIT:;
#BANNER:;
#BACKGROUND:;
#LYRICSPATH:;
#CDTITLE:;
#MUSIC:Occultcore-wip.ogg;
#OFFSET:0.000000;
#SAMPLESTART:100.000000;
#SAMPLELENGTH:12.000000;
#SELECTABLE:YES;
#BPMS:0.000000=190.000000
;
#STOPS:
;
#BGCHANGES:;
#KEYSOUNDS:;
#ATTACKS:;

//---------------dance-single - ----------------
#NOTES:
     dance-single:
     :
     Medium:
     1:
     0.624648,0.895165,0.486989,0.404097,0.230542,844.000000,744.000000,94.000000,78.000000,0.000000,30.000000,0.624648,0.895165,0.486989,0.404097,0.230542,844.000000,744.000000,94.000000,78.000000,0.000000,30.000000:
  // measure 0
0100
0100
0100
0100
,  // measure 1
0100
0100
1000
1000
,  // measure 2
1000
1000
1000
1000
,  // measure 3
0001
0001
0001
0001
,  // measure 4
0001
0001
0010
0010
,  // measure 5
0010
0010
0010
0010
,  // measure 6
1000
1000
0100
0100
,  // measure 7
0010
0010
1000
1000
,  // measure 8
0100
0100
0010
0010
,  // measure 9
0001
0001
0010
0010
,  // measure 10
0100
0100
0001
0001
,  // measure 11
0010
0010
0100
0100
,  // measure 12
0011
0010
0110
0100
,  // measure 13
0000
0000
1000
0100
0010
0001
1100
0000
0000
0100
0000
0000
,  // measure 14
0110
0000
0000
0010
0000
0000
0000
0000
0001
0010
0100
1000
,  // measure 15
0110
0001
0110
1000
,  // measure 16
1001
0000
0000
0002
0000
1000
0103
0010
0001
0010
0100
1000
,  // measure 17
0100
0010
0000
0101
0000
0000
0110
0000
0000
1010
0000
0000
,  // measure 18
1000
0100
0010
0202
,  // measure 19
0303
0000
0001
0100
0010
1000
0001
0000
0000
0010
0000
0000
,  // measure 20
0100
2020
3230
0300
,  // measure 21
2002
0000
0000
3003
0000
1000
0010
0100
0004
0000
0000
0003
,  // measure 22
0000
0020
0000
0000
,  // measure 23
0030
0000
0000
0000
,  // measure 24
1001
0100
0010
0000
0100
0010
0100
0010
,  // measure 25
0000
0000
0001
0000
0010
0000
0100
0000
1000
0000
0010
0100
0010
0100
0000
0000
,  // measure 26
0001
0000
0100
0000
0010
0000
1000
0000
0010
0000
0100
0000
0001
0000
0100
0010
,  // measure 27
0100
0010
0001
0000
1000
0000
0001
0000
1000
0000
0001
0000
0000
0000
0000
0000
,  // measure 28
1001
0010
0100
0000
0010
0100
0010
0100
,  // measure 29
0000
0000
1000
0000
0100
0000
0010
0000
0001
0000
0100
0010
0100
0010
0000
0000
,  // measure 30
1000
0000
0010
0000
0100
0000
0001
0000
0100
0000
0010
0000
1000
0000
0010
0100
,  // measure 31
0010
0100
1000
0000
0001
0000
1000
0000
0001
0000
1000
0000
0000
0000
0000
0000
,  // measure 32
1001
0100
0010
0000
0100
0010
0100
0010
,  // measure 33
0000
0000
0001
0000
0010
0000
0100
0000
1000
0000
0010
0100
0010
0100
0000
0000
,  // measure 34
0001
0000
0100
0000
0010
0000
1000
0000
0010
0000
0100
0000
0001
0000
0100
0010
,  // measure 35
0100
0010
0001
0000
1000
0000
0001
0000
1000
0000
0001
0000
0000
0000
0000
0000
,  // measure 36
1001
0010
0100
0000
0010
0100
0010
0100
,  // measure 37
0000
0000
1000
0000
0100
0000
0010
0000
0001
0000
0100
0010
0100
0010
0000
0000
,  // measure 38
1000
0000
0010
0000
0100
0000
0001
0000
0100
0000
0010
0000
1000
0000
0010
0100
,  // measure 39
0010
0100
1000
0000
0001
0000
1000
0000
0001
0000
1000
0000
0000
0000
0000
0000
,  // measure 40
0020
0000
0000
0000
,  // measure 41
0000
0000
0000
0000
0030
0000
0000
0000
0000
0000
0000
0000
0000
0000
1000
0100
,  // measure 42
0020
0000
0000
0000
,  // measure 43
0000
0030
0100
0100
,  // measure 44
0202
0000
0000
0020
0303
0000
0000
0030
,  // measure 45
0000
0000
2010
0002
,  // measure 46
3010
0100
0003
0000
0000
0000
1100
0000
0000
0000
0000
0000
0000
0000
0000
0000
,  // measure 47
0000
0000
0020
0000
,  // measure 48
0130
0000
1000
0000
0100
0000
0010
0000
0001
0000
0010
0000
0000
0000
0000
1000
,  // measure 49
0100
0000
0010
0000
0001
0000
0020
0000
1030
0001
1000
0001
0000
0000
0000
0000
,  // measure 50
0010
0000
0100
0000
0001
0000
0100
0000
0010
0000
1000
0100
0000
0000
0001
0010
,  // measure 51
0001
0010
0000
0000
1000
0100
0010
0000
0001
0000
0010
0000
0100
0000
0000
0000
,  // measure 52
0010
0000
0001
0000
0010
0000
0100
0000
1000
0000
0100
0000
0000
0000
0000
0001
,  // measure 53
0010
0000
0100
0000
1000
0000
0200
0000
0301
1000
0001
1000
0000
0000
0000
0000
,  // measure 54
0100
0000
0010
0000
1000
0000
0010
0000
0100
0000
0001
0010
0000
0000
1000
0100
,  // measure 55
1000
0100
0000
0000
0001
0010
0100
0000
1000
0000
0100
0000
0010
0000
0000
0000
,  // measure 56
0100
0000
1000
0000
0100
0000
0010
0000
0001
0000
0010
0000
0000
0000
0000
1000
,  // measure 57
0100
0000
0010
0000
0001
0000
0020
0000
1030
0001
1000
0001
0000
0000
0000
0000
,  // measure 58
0010
0000
0100
0000
0001
0000
0100
0000
0010
0000
1000
0100
0000
0000
0001
0100
,  // measure 59
0001
0100
0000
0000
1000
0100
0010
0000
0001
0000
0010
0000
0100
0000
0000
0000
,  // measure 60
0010
0000
0001
0000
0010
0000
0100
0000
1000
0000
0100
0000
0000
0000
0000
0001
,  // measure 61
0010
0000
0100
0000
1000
0000
0200
0000
0301
1000
0001
1000
0000
0000
0000
0000
,  // measure 62
0100
0000
0010
0000
1000
0000
0010
0000
0100
0000
0001
0010
0000
0000
1000
0010
,  // measure 63
1000
0010
0000
0000
0001
0010
0100
0000
1000
0000
0100
0000
0010
0000
0000
0000
,  // measure 64
0010
0000
0001
0000
0010
0000
0100
0000
1000
0000
0100
0000
0000
0000
0000
0001
,  // measure 65
0010
0000
0100
0000
1000
0000
0200
0000
0301
1000
0001
1000
0000
0000
0000
0000
,  // measure 66
0100
0000
0010
0000
1000
0000
0010
0000
0100
0000
0001
0010
0000
0000
1000
0100
,  // measure 67
1000
0100
0000
0000
0001
0010
0100
0000
1000
0000
0100
0000
0010
0000
0000
0000
,  // measure 68
0001
0010
0100
1000
,  // measure 69
0001
0000
0000
0000
0010
0100
0000
0000
1000
0010
0100
0001
1000
0000
0000
0000
,  // measure 70
0001
0010
0001
0100
0001
1000
0010
1000
0100
1000
0000
0000
,  // measure 71
0011
1000
0110
0001
1010
0100
1001
0000
,  // measure 72
0001
0001
0001
0001
,  // measure 73
0001
0001
0001
0001
,  // measure 74
1000
0100
0100
0100
,  // measure 75
0100
0100
0100
0100
,  // measure 76
0001
1010
0010
0011
,  // measure 77
0010
1010
0010
0011
,  // measure 78
1000
0101
0100
1100
,  // measure 79
0100
0101
0100
1100
,  // measure 80
0001
0010
0100
1000
,  // measure 81
0001
1000
0100
0010
,  // measure 82
0001
1000
0001
0010
,  // measure 83
0100
1000
0001
1000
,  // measure 84
0001
1010
0010
0011
,  // measure 85
0010
1010
0010
0011
,  // measure 86
1000
0101
0100
1100
,  // measure 87
0100
0101
0100
1100
,  // measure 88
0000
0000
0000
0000
,  // measure 89
0000
0000
0000
0000
,  // measure 90
0000
0000
0000
0000
,  // measure 91
0000
0000
0000
0000
,  // measure 92
0000
0000
0000
0000
,  // measure 93
0000
0000
0000
0000
,  // measure 94
0000
0000
0000
0000
,  // measure 95
0000
0000
0000
0000
,  // measure 96
0100
0100
0100
0100
0100
0100
0010
0001
,  // measure 97
0000
0001
0001
0001
0001
0001
0010
0100
,  // measure 98
0000
0100
0010
0001
0010
0100
4000
3000
,  // measure 99
0400
0300
0040
0030
0004
0003
0000
0000
,  // measure 100
0010
0010
0010
0010
0010
0010
0100
1000
,  // measure 101
0000
1000
1000
1000
1000
1000
0000
0000
,  // measure 102
0110
0000
0000
0011
0000
0000
1100
0000
,  // measure 103
0000
0000
0110
0000
,  // measure 104
0010
0010
0010
0010
0010
0010
0100
1000
,  // measure 105
0000
1000
1000
1000
1000
1000
0100
0010
,  // measure 106
0000
0010
0100
1000
0100
0010
0004
0003
,  // measure 107
0040
0030
0400
0300
4000
3000
0000
0000
,  // measure 108
0100
0100
0100
0100
0100
0100
0010
0001
,  // measure 109
0000
0001
0001
0001
0001
0001
0000
0000
,  // measure 110
0110
0000
0000
1100
0000
0000
0011
0000
,  // measure 111
0000
0000
0220
0000
,  // measure 112
1332
1023
0231
2301
,  // measure 113
3100
0010
0001
0000
2001
0000
3201
0000
,  // measure 114
1320
0000
1032
0000
0013
0100
1000
0000
,  // measure 115
0021
0231
1320
1230
,  // measure 116
0344
0033
0044
0033
0100
1000
0100
0010
,  // measure 117
0001
0010
0100
0000
0100
0000
0100
0000
,  // measure 118
0010
0000
0010
0000
0020
0030
0020
0030
,  // measure 119
1000
0100
0010
0000
2202
3303
2202
3303
,  // measure 120
2202
3303
0020
0030
0020
0000
0030
0000
,  // measure 121
1001
0000
0000
0010
0100
1000
0100
0010
,  // measure 122
0001
0001
0001
0001
,  // measure 123
0001
0002
0003
0000
,  // measure 124
2001
3201
1320
1032
,  // measure 125
0013
0100
1000
0000
1002
0000
1023
0000
,  // measure 126
0231
0000
2301
0000
3100
0010
0001
0000
,  // measure 127
1200
1320
0231
0321
,  // measure 128
4430
3300
4400
3300
0010
0001
0010
0100
,  // measure 129
1000
0100
0010
0000
0010
0000
0010
0000
,  // measure 130
0100
0000
0100
0000
0200
0300
0200
0300
,  // measure 131
0001
0010
0100
0000
2022
3033
2022
3033
,  // measure 132
2022
3033
0200
0300
0200
0000
0300
0000
,  // measure 133
1001
0000
0000
0100
0010
0001
0010
0100
,  // measure 134
1000
1000
1000
1000
,  // measure 135
1000
2000
3000
0000
,  // measure 136
0011
0010
0110
0100
,  // measure 137
0000
0000
1000
0100
0010
0001
1100
0000
0000
0100
0000
0000
,  // measure 138
0110
0000
0000
0010
0000
0000
0000
0000
0001
0010
0100
1000
,  // measure 139
0110
0001
0110
1000
,  // measure 140
0010
0010
0200
0000
,  // measure 141
0000
0301
1000
0001
,  // measure 142
1100
0100
0110
0010
,  // measure 143
0000
0000
0001
0010
0100
1000
0011
0000
0000
0010
0000
0000
,  // measure 144
0110
0100
0200
0300
,  // measure 145
0010
0000
0000
0010
0010
0010
0010
0010
,  // measure 146
0000
0000
0001
0000
0100
0000
0000
0100
,  // measure 147
0100
0100
0100
0100
0000
0000
1000
0000
,  // measure 148
0010
0000
0000
0010
0010
0010
0010
0010
,  // measure 149
0000
0001
0000
0000
1000
0000
0100
0000
,  // measure 150
0010
0001
0000
0000
;
